name,seq_type,seq_length,highest_possible_pae,max_pae,min_pae,median_pae,ptm,max_plddt,min_plddt,std_plddt,var_plddt,q1_plddt,median_plddt,q3_plddt,batch_number
3PO8A,predicted,98,31.75,23.99,0.25,6.04,0.61,87.98,52.91,8.993700326963213,80.88664557121818,67.94,78.86,83.8175,09
3UPSA,predicted,108,31.75,29.57,0.25,5.942500000000001,0.64,90.03,34.1,11.12264114444215,123.71314602803739,69.39999999999999,78.125,82.7875,09
3UCSC,original,74,31.75,26.37,0.25,1.675,0.78,98.73,50.96,8.962172778449085,80.32054091077379,94.585,97.35,98.23,09
3PVIA,predicted,156,31.75,26.83,0.25,4.3725,0.76,96.07,45.97,8.823193556107448,77.84874452853599,82.2575,88.12,90.755,09
3T5XB,original,30,31.75,27.51,0.25,9.2525,0.3,85.82,56.18,8.458800552182868,71.55130678160918,67.16,70.965,80.6925,09
3SAOB,predicted,149,31.75,26.28,0.25,4.14,0.77,95.22,62.88,5.799789271677404,33.63755559586431,84.14,88.21,91.845,09
3R62A,predicted,125,31.75,29.73,0.25,9.0,0.53,88.84,28.5,10.651010154728473,113.44401731612903,67.755,74.03,79.22,09
3R62A,original,125,31.75,27.25,0.25,2.72,0.8,98.69,62.45,6.431260712207761,41.36111434838708,95.455,97.28,97.97999999999999,09
3UPSA,original,108,31.75,28.33,0.25,2.0625,0.84,98.76,41.18,13.258222429312157,175.78046198511598,90.755,96.575,98.17250000000001,09
3TDUC,original,75,31.75,25.07,0.25,1.7,0.83,98.67,78.19,3.7307780846784646,13.918705117117113,95.67,97.96,98.3,09
3TDUC,predicted,75,31.75,24.18,0.25,4.28,0.64,91.03,56.45,7.609002827968724,57.89692403603604,78.73,84.53,87.36,09
3TJYA,predicted,78,31.75,27.23,0.25,12.3925,0.38,73.01,42.46,7.460977520703006,55.666185564435565,54.515,59.620000000000005,65.875,09
3TUOA,predicted,104,31.75,29.82,0.25,14.535,0.42,69.09,30.34,9.40720450665062,88.49549662994772,42.745,49.68,56.57749999999999,09
3U4VA,predicted,116,31.75,28.37,0.25,16.94,0.32,58.85,26.68,8.004183267211742,64.06694977511245,37.925,45.665,51.3275,09
3QBQB,original,164,31.75,30.23,0.25,4.1875,0.73,98.67,69.35,3.471446260617631,12.050939140356132,95.09,96.87,97.955,09
3PVLB,original,16,31.75,21.07,0.25,6.1775,0.03,79.27,60.66,5.190444425416125,26.940713333333328,67.52,71.975,73.9625,09
3VDJA,original,71,31.75,27.76,0.25,2.4,0.72,97.92,50.43,9.669148113013282,93.49242523138831,93.49,95.33,96.71,09
3VA9A,original,127,31.75,27.81,0.25,1.82,0.88,98.69,73.61,4.058071755058534,16.46794636920385,96.05,97.84,98.3,09
3U1JA,original,20,31.75,26.93,0.25,10.055,0.08,78.67,64.08,4.196160996108605,17.607767105263164,66.6075,70.695,73.6725,09
3TUOA,original,104,31.75,30.22,0.25,2.2824999999999998,0.78,98.13,48.39,14.46143655863526,209.1331473394324,92.7525,96.025,96.91499999999999,09
3U4VA,original,116,31.75,30.49,0.25,18.455,0.3,53.65,21.38,7.349261139927508,54.01163930284857,34.85,38.790000000000006,44.4,09
3RPJB,original,126,31.75,23.41,0.25,2.25,0.87,98.58,78.58,2.8389216967010555,8.059476400000001,95.0925,97.11,97.9275,09
3U1JA,predicted,20,31.75,27.8,0.25,8.555,0.08,79.33,59.67,5.686504707592678,32.33633578947369,69.7875,74.92,78.16499999999999,09
3TJYA,original,78,31.75,26.64,0.25,2.4375,0.79,96.44,64.02,6.738237728490119,45.403847685647676,88.27250000000001,91.255,94.39250000000001,09
3T5XB,predicted,30,31.75,28.47,0.25,8.342500000000001,0.34,93.62,56.91,13.763415708101787,189.431611954023,61.405,79.08500000000001,89.9275,09
3TSOC,original,54,31.75,30.81,0.25,3.26,0.58,98.77,55.46,9.185998378643383,84.38256621243885,93.4825,97.42,98.2675,09
3TSOC,predicted,54,31.75,30.76,0.25,3.725,0.54,98.6,44.19,13.435863113699204,180.5224176100629,86.1175,94.41499999999999,97.675,09
3VDJA,predicted,71,31.75,28.75,0.25,12.76,0.38,74.79,39.23,8.79722488024271,77.39116559356137,51.44,57.71,63.89,09
3UCSC,predicted,74,31.75,24.37,0.25,3.6525000000000003,0.63,91.53,54.63,5.4674456385446195,29.89296181044058,85.6025,87.755,89.2625,09
3RPJB,predicted,126,31.75,29.17,0.25,17.8075,0.33,63.19,27.02,8.25589512053477,68.15980424126984,39.502500000000005,44.43,51.0,09
3RO3A,original,159,31.75,18.87,0.25,1.8,0.89,98.95,88.24,1.1567194063596244,1.337999785048962,98.49,98.78,98.89,09
3U4KA,original,163,31.75,30.47,0.25,2.95,0.87,98.68,43.62,8.86616189304175,78.60882671362569,93.15,95.55,97.03,09
3PVLB,predicted,16,31.75,14.75,0.25,4.7925,0.03,87.91,65.84,5.681150705036201,32.27547333333332,76.855,81.34,83.645,09
3SAOB,original,149,31.75,27.51,0.25,2.6,0.83,98.59,59.85,5.549821425756929,30.800517857790673,93.36,95.89,97.37,09
3QHPA,predicted,159,31.75,30.01,0.25,10.09,0.63,88.54,31.28,16.693600601038362,278.6763010269883,49.25,63.94,80.58,09
3PO8A,original,98,31.75,24.22,0.25,1.5975000000000001,0.82,98.94,68.48,4.421932945457406,19.553490974121605,98.065,98.65,98.8425,09
3PVIA,original,156,31.75,26.04,0.25,2.3274999999999997,0.86,98.84,68.1,4.090415771890597,16.731501186931347,96.91250000000001,97.72,98.25500000000001,09
3RO3A,predicted,159,31.75,24.91,0.25,2.92,0.82,97.87,69.39,4.186248674354873,17.524677963537936,92.75,95.53,96.65,09
3VA9A,predicted,127,31.75,26.41,0.25,6.27,0.6,86.25,55.5,7.6661552379914255,58.769936132983375,75.17,79.97,83.08,09
3VRDA,predicted,174,31.75,30.36,0.25,13.2025,0.53,87.7,30.53,15.055841232522424,226.67835521892235,45.3275,56.655,67.47250000000001,09
3U4KA,predicted,163,31.75,30.33,0.25,13.66,0.49,75.66,21.19,15.138829951043162,229.18417228660152,37.17,57.04,65.12,09
3QHPA,original,159,31.75,23.26,0.25,1.96,0.9,98.91,68.2,3.97895203972703,15.832059334447893,96.07,98.06,98.63,09
3STYA,predicted,258,31.75,30.62,0.25,9.627500000000001,0.61,86.8,26.37,16.194639119315635,262.2663362048683,52.897499999999994,65.27,75.57,09
3U7IA,original,218,31.75,29.96,0.25,2.245,0.85,98.93,41.32,7.979100369266475,63.66604270282839,97.075,98.095,98.5,09
3VV5A,original,237,31.75,25.02,0.25,2.02,0.92,98.95,79.07,1.8403384719112008,3.386845691196454,98.195,98.62,98.82,09
3QBQB,predicted,164,31.75,31.09,0.25,16.3875,0.39,90.6,37.52,11.296142573043472,127.60283703052521,63.39750000000001,69.80000000000001,80.5475,09
3TQUA,predicted,197,31.75,24.62,0.25,4.38,0.76,96.63,52.13,10.315222771850431,106.40382083290169,81.48,88.68,92.895,09
3U7IA,predicted,218,31.75,29.47,0.25,10.075,0.61,81.77,37.82,11.254510054978011,126.66399657760115,55.385000000000005,65.33500000000001,72.66999999999999,09
3VV5A,predicted,237,31.75,30.5,0.25,5.17,0.77,98.25,37.34,11.509271513725677,132.46333077665736,81.14500000000001,86.39,90.6,09
3Q4OA,original,169,31.75,23.45,0.25,1.65,0.86,98.97,82.7,1.4862579143785821,2.2089625880529726,98.49000000000001,98.77,98.89,09
3UCEA,predicted,219,31.75,23.43,0.25,3.48,0.82,97.77,65.36,5.1613441452897755,26.639473386117043,89.6,92.73,94.83,09
3V4KA,original,186,31.75,25.58,0.25,2.59,0.89,98.76,52.77,10.171421120815507,103.4578076169718,92.07500000000002,95.49000000000001,97.375,09
3RPCA,predicted,262,31.75,27.91,0.25,7.6274999999999995,0.7,93.3,38.92,13.85356706855475,191.92132052294463,60.475,75.455,84.5725,09
3Q4OA,predicted,169,31.75,30.02,0.25,10.97,0.51,76.88,28.47,11.310969469792433,127.9380303465765,52.17,59.65,66.855,09
3S6JE,original,220,31.75,26.94,0.25,2.395,0.86,98.82,67.29,4.926374827545047,24.269168941469488,94.065,97.235,98.2675,09
3QAPA,original,219,31.75,30.19,0.25,1.88,0.86,98.93,50.73,6.340226405138679,40.19847086841774,97.36,98.62,98.8,09
3PFBA,original,250,31.75,30.86,0.25,2.0749999999999997,0.87,98.97,36.66,7.455280725255721,55.58121069236948,97.83749999999999,98.41,98.75,09
3QW9A,original,170,31.75,30.22,0.25,2.9400000000000004,0.83,98.66,49.7,9.110800797951368,83.00669117995128,89.7375,94.685,97.07499999999999,09
3PQCA,original,192,31.75,28.63,0.25,2.5500000000000003,0.84,98.8,49.47,9.108879289606977,82.97168191263088,93.09,95.63,97.5575,09
3SU6A,original,199,31.75,30.78,0.25,2.94,0.84,98.51,36.22,12.582357701506643,158.31572532866352,92.9,95.33,97.23,09
3QW9A,predicted,170,31.75,30.17,0.25,19.439999999999998,0.3,50.79,20.17,6.677612869940395,44.590513640793596,32.085,36.825,42.54,09
3RZNA,predicted,206,31.75,29.47,0.25,5.84,0.74,92.18,27.27,11.679831729237412,136.41846922330097,72.94,80.28999999999999,85.25,09
3S6JE,predicted,220,31.75,27.98,0.25,5.54,0.72,92.5,48.98,8.153387688124495,66.4777307928601,78.1025,83.995,87.22,09
3V6GA,original,172,31.75,27.76,0.25,2.96,0.79,98.19,60.63,4.221899607772503,17.824436298109614,91.72,94.28999999999999,96.5475,09
3R7AA,original,227,31.75,30.82,0.25,2.02,0.89,98.97,44.44,7.0981707847950055,50.384028490117345,97.51,98.55,98.8,09
3VAAA,predicted,176,31.75,29.03,0.25,4.9175,0.76,95.47,54.57,7.509997692902615,56.400065347402595,81.57249999999999,87.215,89.4825,09
3PYWA,predicted,178,31.75,26.29,0.25,5.1825,0.77,92.93,50.05,10.479200128036036,109.81363532343046,71.89500000000001,81.965,86.65,09
3R7AA,predicted,227,31.75,30.3,0.25,4.99,0.77,94.62,44.76,8.89407715002246,79.10460835055164,80.18,84.69,88.64,09
3RZNA,original,206,31.75,18.6,0.25,2.5774999999999997,0.9,98.82,80.8,3.4542554659519213,11.931880824058725,94.29249999999999,97.065,98.125,09
3QAVA,predicted,219,31.75,29.22,0.25,5.96,0.72,92.53,39.84,10.088866131069878,101.7852198106489,73.9,82.95,86.41,09
3V6GA,predicted,172,31.75,31.06,0.25,16.855,0.38,74.69,29.95,8.507509281081429,72.37771416768666,47.395,55.405,60.1375,09
3TA6A,predicted,255,31.75,27.32,0.25,4.34,0.82,96.24,54.28,8.718148212425687,76.00610825382121,81.31,86.66,90.91,09
3TQUA,original,197,31.75,25.2,0.25,2.41,0.85,98.83,62.19,4.055048791742002,16.44342070340827,95.13,97.51,98.305,09
3QNMA,original,231,31.75,27.81,0.25,2.37,0.89,98.9,64.11,3.3480687950672277,11.209564656502916,97.49,98.3,98.62,09
3UCEA,original,219,31.75,20.9,0.25,2.15,0.87,98.92,80.82,2.4771025106075677,6.136036848058314,97.09,98.08,98.65,09
3VRDA,original,174,31.75,22.53,0.25,2.3775,0.85,98.67,80.76,3.332308058220917,11.104276994884057,95.39750000000001,97.08500000000001,97.95750000000001,09
3QWNA,original,206,31.75,28.45,0.25,3.23,0.87,98.63,58.0,5.455093969011959,29.75805021075065,93.79,96.385,97.58,09
3SU6A,predicted,199,31.75,30.95,0.25,6.22,0.68,89.6,25.68,16.054591580817668,257.7499108268616,61.19,73.88,81.88,09
3QAPA,predicted,219,31.75,30.64,0.25,17.25,0.37,71.57,34.02,6.788858617159588,46.08860132378199,48.05,51.75,55.19,09
3PFBA,predicted,250,31.75,30.56,0.25,9.725,0.66,85.53,34.4,13.150532485195294,172.93650464417672,55.78,68.545,75.9825,09
3P6BA,original,186,31.75,28.21,0.25,2.1725,0.91,98.84,51.7,7.899243194669499,62.3980430485324,96.3475,98.23,98.58250000000001,09
3UITA,predicted,256,31.75,31.08,0.25,19.41,0.42,90.86,28.62,17.341848069183886,300.73969445465684,46.1025,56.875,73.74000000000001,09
3TJ7A,original,176,31.75,21.47,0.25,2.55,0.85,98.77,79.55,2.6542076739817055,7.044818376623376,96.53,97.695,98.23249999999999,09
3QWNA,predicted,206,31.75,31.12,0.25,22.9725,0.35,79.29,20.47,16.49023815049391,271.92795426000475,27.205,42.5,55.1325,09
3RKGA,predicted,258,31.75,31.31,0.25,16.604999999999997,0.51,87.59,30.3,13.750694955002944,189.0816117455434,50.677499999999995,58.510000000000005,70.77250000000001,09
3VAAA,original,176,31.75,25.6,0.25,2.03,0.88,98.94,67.23,5.045396852513254,25.45602939935065,96.5675,98.26,98.66749999999999,09
3STYA,original,258,31.75,24.99,0.25,2.3099999999999996,0.89,98.95,73.37,3.252844766121207,10.580999072482129,96.0875,98.01,98.63,09
3V4KA,predicted,186,31.75,29.43,0.25,7.305,0.71,93.5,24.34,18.044962524669046,325.6206725167103,58.6375,73.955,86.06500000000001,09
3QNMA,predicted,231,31.75,26.86,0.25,5.87,0.75,94.24,54.48,6.588265158435438,43.405237797854326,80.84,85.12,88.9,09
3QAVA,original,219,31.75,26.7,0.25,2.5,0.85,98.82,62.3,6.220878589896218,38.69933043022915,94.86,97.48,98.29,09
3TADC,original,252,31.75,27.52,0.25,2.7350000000000003,0.86,98.8,70.16,4.894371360002461,23.954871009612344,94.595,97.0,98.1975,09
3TJ7A,predicted,176,31.75,30.07,0.25,20.975,0.26,57.24,20.59,7.621740452971849,58.09092753246753,30.9775,39.485,43.3275,09
3PYWA,original,178,31.75,22.21,0.25,2.1075,0.89,98.9,74.36,3.2882527978032883,10.812606462261154,96.635,98.11500000000001,98.57,09
3P6BA,predicted,186,31.75,30.45,0.25,6.4975000000000005,0.72,89.8,33.24,13.609195867473435,185.21021215925603,66.36,77.475,84.75,09
3PQCA,predicted,192,31.75,28.45,0.25,5.2225,0.77,92.84,36.37,11.486787052471666,131.94627678883072,76.125,83.58500000000001,88.1025,09
3TADC,predicted,252,31.75,30.37,0.25,7.465,0.7,90.8,33.69,7.9473566979515144,63.1604784844748,75.735,80.855,84.92500000000001,09
3RWXA,original,254,31.75,29.97,0.25,4.01,0.78,98.51,55.33,9.061182579337006,82.10502973608043,91.91,95.305,97.33,09
3RWXA,predicted,254,31.75,31.45,0.25,26.7725,0.25,57.77,14.36,10.937878390223252,119.63718367931281,21.965,28.89,40.0025,09
3TA6A,original,255,31.75,17.89,0.25,2.14,0.89,98.92,74.52,3.72120448873709,13.847362846997067,97.54,98.3,98.62,09
3TNLA,predicted,288,31.75,29.71,0.25,4.4399999999999995,0.8,97.82,51.1,7.839765851742209,61.46192861014324,85.93,90.56,93.57,09
3UITA,original,256,31.75,30.51,0.25,8.325,0.67,97.99,29.42,18.222020807992166,332.0420423268995,67.4525,86.62,93.2575,09
3VGZA,original,321,31.75,22.73,0.25,2.23,0.91,98.97,85.11,1.9008052585262702,3.613060630841121,98.13,98.57,98.84,09
3TL8A,predicted,304,31.75,28.48,0.25,6.0,0.8,93.07,52.51,7.397893827325478,54.72883308038041,79.6275,84.92,88.2875,09
3RKGA,original,258,31.75,30.15,0.25,2.9075,0.85,98.83,41.65,10.963819335464994,120.20533442071607,92.67250000000001,96.51,98.13,09
3TGLA,original,265,31.75,23.43,0.25,2.4,0.91,98.9,61.2,5.259982591055286,27.66741685820469,94.93,97.33,98.495,09
3QNSA,original,311,31.75,30.53,0.25,2.48,0.88,98.93,48.6,5.706360981744654,32.5625556539778,96.15,98.0,98.64,09
3TNLA,original,288,31.75,30.05,0.25,2.5599999999999996,0.89,98.92,50.77,5.617919190222885,31.56101602787456,96.49249999999999,97.985,98.5175,09
3SOCA,predicted,307,31.75,31.42,0.25,24.6,0.31,84.45,19.05,19.342126945997595,374.1178747950863,31.48,40.93,68.13,09
3RPCA,original,262,31.75,27.44,0.25,2.205,0.91,98.95,62.25,2.9754356246710616,8.85321715656167,97.6625,98.39,98.7125,09
3QH4A,predicted,314,31.75,30.7,0.25,5.73,0.81,95.93,37.31,10.63267306031181,113.05373640748051,75.655,84.1,91.03,09
3T4XA,original,265,31.75,29.03,0.25,2.26,0.91,98.95,60.1,4.969200937083956,24.692957953116064,96.25,98.17,98.6,09
3VC1A,original,277,31.75,21.28,0.25,2.33,0.86,98.93,80.7,2.4472782838893967,5.989170998796631,96.38,98.24,98.66499999999999,09
3UFIA,predicted,278,31.75,31.17,0.25,24.2675,0.26,73.75,20.67,10.508490505463937,110.42837270342571,31.055000000000003,36.59,40.185,09
3PRNA,predicted,289,31.75,31.21,0.25,25.44,0.25,61.89,19.8,8.492353351738737,72.12006545078816,27.020000000000003,32.16,39.3,09
3TGLA,predicted,265,31.75,30.56,0.25,8.83,0.68,93.35,20.95,22.16280715859857,491.19002114922813,43.96,71.06,81.56,09
3UFIA,original,278,31.75,30.11,0.25,3.925,0.81,98.42,27.36,16.02846424613585,256.91166608965534,84.55250000000001,92.22,94.99,09
3VSJA,original,270,31.75,14.84,0.25,2.0549999999999997,0.93,98.98,90.17,1.2485497802513374,1.5588765537656628,97.83,98.505,98.8125,09
3SY6A,original,272,31.75,30.74,0.25,3.5725,0.87,98.63,44.87,10.0666118692704,101.3366745265357,91.22749999999999,95.195,97.2375,09
3SIHA,predicted,274,31.75,30.05,0.25,4.09,0.87,96.96,48.27,9.211360852856131,84.84916876153044,83.7675,89.185,92.25,09
3TEFA,original,279,31.75,23.59,0.25,2.61,0.86,98.95,68.72,5.266189667236122,27.732753611304503,95.39,97.98,98.57,09
3R5TA,predicted,296,31.75,27.87,0.25,6.3025,0.78,95.57,50.58,9.074049450551732,82.33837343105819,77.335,83.58,88.5975,09
3VAVH,original,263,31.75,18.2,0.25,1.94,0.91,98.97,77.52,2.415291866034163,5.833634798130789,97.94,98.71,98.88,09
3SOCA,original,307,31.75,31.38,0.25,2.53,0.86,98.92,31.6,11.095457268330927,123.1091719933576,93.68,97.07,98.28,09
3R5TA,original,296,31.75,29.26,0.25,2.7025,0.9,98.9,68.37,3.3206689929434834,11.026842560696288,96.39500000000001,97.66,98.3,09
3RFTA,predicted,266,31.75,29.56,0.25,7.2475000000000005,0.75,94.33,30.83,11.055100167178104,122.21523970634132,71.9025,80.35,85.41,09
3UF6A,original,285,31.75,28.19,0.25,2.8,0.87,98.77,50.28,7.046159917809746,49.64836958734865,93.75,96.42,97.755,09
3P4GA,predicted,301,31.75,31.12,0.25,8.92,0.7,90.57,38.47,11.939141752823774,142.54310579401994,69.77,79.07,85.94999999999999,09
3TL8A,original,304,31.75,29.12,0.25,3.71,0.91,98.78,53.07,8.374424530938171,70.13098622437901,89.08749999999999,94.745,97.08749999999999,09
3PRNA,original,289,31.75,28.04,0.25,2.85,0.86,98.94,59.18,7.62712520222673,58.17303885044214,95.25999999999999,97.81,98.525,09
3VAVH,predicted,263,31.75,28.19,0.25,3.5,0.84,97.53,46.6,10.909461220737779,119.0163441267814,82.0,89.46,94.09,09
3TMGA,predicted,266,31.75,29.77,0.25,11.8875,0.55,86.16,39.59,9.387993728193553,88.1344262406015,61.515,68.0,73.0275,09
3RFTA,original,266,31.75,29.72,0.25,2.255,0.92,98.94,53.0,3.643637506479079,13.276094278621082,97.1275,98.18,98.66250000000001,09
3RLGA,predicted,278,31.75,28.34,0.25,7.3575,0.69,90.27,45.79,10.291471715119853,105.91439006311197,65.3375,74.035,80.0475,09
3TDHC,predicted,316,31.75,29.61,0.25,5.6274999999999995,0.76,94.88,29.16,10.093960954932141,101.8880477596946,77.92,83.935,88.335,09
3P8KA,original,268,31.75,30.16,0.25,2.1175,0.92,98.95,43.0,7.0823392550686375,50.15952932388618,97.39,98.49,98.8,09
3P8KA,predicted,268,31.75,29.57,0.25,6.2,0.75,90.41,38.94,14.11155020118061,199.1358490804405,70.37,80.165,85.66749999999999,09
3SY6A,predicted,272,31.75,31.41,0.25,24.015,0.39,69.59,19.88,14.554004123494623,211.8190360266985,27.502499999999998,37.7,54.205,09
3RLGA,original,278,31.75,30.24,0.25,2.135,0.88,98.95,57.13,3.6117405524118515,13.044669817936267,97.315,98.36,98.73,09
3TEFA,predicted,279,31.75,27.33,0.25,6.83,0.73,94.82,55.41,9.018200945690133,81.3279482968464,74.0,80.94,86.47,09
3P4GA,original,301,31.75,29.54,0.25,2.58,0.9,98.94,55.64,9.89624500138074,97.93566512735327,96.985,98.38,98.695,09
3T4XA,predicted,265,31.75,30.53,0.25,4.41,0.81,94.58,30.65,9.378508326516094,87.95641843053173,84.9,89.14,91.21000000000001,09
3VGZA,predicted,321,31.75,29.1,0.25,6.37,0.75,91.38,47.13,9.010663086162774,81.19204925233645,77.58,81.99,86.16,09
3SIHA,original,274,31.75,26.6,0.25,2.2675,0.93,98.92,65.08,5.374210918591997,28.882142997513434,96.255,98.015,98.5425,09
3VC1A,predicted,277,31.75,30.79,0.25,18.23,0.5,84.87,23.31,18.90724986589103,357.48409749123635,33.435,47.37,68.535,09
3UF6A,predicted,285,31.75,31.27,0.25,22.61,0.35,61.71,17.72,10.065100263217634,101.30624330862366,33.545,41.09,49.394999999999996,09
3UP6B,predicted,324,31.75,31.42,0.25,26.8275,0.24,51.91,17.8,8.419016563700215,70.87983989985858,22.235,27.235,35.6125,09
3TMGA,original,266,31.75,28.37,0.25,2.2475,0.9,98.94,74.39,1.785536867509261,3.188141905234785,97.8775,98.455,98.7225,09
3VSJA,predicted,270,31.75,26.59,0.25,6.995,0.81,95.45,45.72,9.667051723305596,93.45188902106568,70.835,77.985,84.9025,09
3QNSA,predicted,311,31.75,30.5,0.25,8.4,0.67,88.34,20.87,18.177499703005193,330.42149545275385,60.49,73.16,79.24,09
3QH4A,original,314,31.75,29.81,0.25,2.22,0.89,98.97,50.2,5.877182875712434,34.54127855456747,96.06499999999998,98.16499999999999,98.68,09
3TDHC,original,316,31.75,28.16,0.25,3.115,0.86,98.44,61.6,5.467050681446636,29.888643153506127,92.4625,95.77,97.54,09
3PDIA,original,427,31.75,30.35,0.25,4.24,0.82,98.65,39.11,11.275720015962355,127.14186187837407,88.4,93.59,96.8,09
3VIIA,original,472,31.75,27.82,0.25,2.385,0.89,98.97,66.03,2.56891855110687,6.599342522221021,97.9425,98.60499999999999,98.81,09
3RQ1A,original,414,31.75,23.36,0.25,2.68,0.93,98.94,77.35,2.707812717891453,7.332249715174698,96.6825,98.14,98.62,09
3QLIA,predicted,440,31.75,29.12,0.25,7.635,0.73,92.25,43.34,10.81218195897662,116.90327871401948,66.455,77.88,83.695,09
3UP6B,original,324,31.75,29.0,0.25,4.44,0.85,97.87,56.99,8.334284201684914,69.46029315445476,88.4675,92.86,94.7625,09
3SSOA,predicted,393,31.75,31.23,0.25,22.77,0.52,93.02,26.08,17.705163027618628,313.47279783455366,46.885,61.56,73.905,09
3TY4A,predicted,356,31.75,27.81,0.25,5.7875,0.84,95.33,51.76,8.295257583244117,68.81129837236904,78.6025,85.16499999999999,90.44999999999999,09
3VAXA,predicted,358,31.75,30.64,0.25,8.635,0.68,89.35,23.3,15.823803340917822,250.392752172042,59.957499999999996,74.69,82.0525,09
3R6NA,original,450,31.75,31.1,0.25,5.6625,0.82,98.68,57.52,3.3806070580840992,11.428504081168027,94.9075,96.68,97.8,09
3SSOA,original,393,31.75,30.97,0.25,3.25,0.88,98.92,42.66,8.098325333896916,65.5828732136366,93.085,96.77,98.05,09
3QWWA,original,430,31.75,30.81,0.25,3.1900000000000004,0.87,98.75,37.93,5.443115675626724,29.62750825825337,96.08749999999999,97.525,98.16,09
3VIIA,predicted,472,31.75,29.47,0.25,6.99,0.78,95.08,43.77,12.78750707209986,163.52033711900393,69.735,80.475,86.865,09
3RPWA,original,333,31.75,29.69,0.25,2.72,0.91,98.86,58.51,3.791866104039092,14.378248550960603,94.625,96.72,98.35499999999999,09
3QWWA,predicted,430,31.75,29.52,0.25,11.5125,0.64,95.66,26.07,15.082149892658386,227.47124538461537,58.39,69.405,77.185,09
3QUFA,predicted,385,31.75,30.46,0.25,12.43,0.6,93.67,23.57,16.253442585433284,264.17439587797617,55.595,69.25,81.225,09
3RQ1A,predicted,414,31.75,30.93,0.25,12.1125,0.57,86.7,23.82,12.918880707816433,166.89747874279163,60.635000000000005,69.59,75.045,09
3T3PB,predicted,466,31.75,31.51,0.25,22.8175,0.36,74.4,20.33,12.569585743348098,157.99448575937976,31.915,42.79,53.1725,09
3TX8A,original,360,31.75,20.77,0.25,3.3825,0.87,98.85,86.44,2.11903975624537,4.490329488548437,96.09,97.44999999999999,98.2375,09
3R6NA,predicted,450,31.75,31.38,0.25,24.18,0.36,85.31,30.57,10.45876114018665,109.38568458747835,52.125,59.25,66.9125,09
3STPA,original,390,31.75,24.81,0.25,2.5975,0.9,98.95,66.57,5.2462338491430724,27.522969599894537,96.36,98.32499999999999,98.7025,09
3T6SA,original,342,31.75,24.2,0.25,2.835,0.88,98.9,69.79,5.138921917254963,26.40851847164343,92.80250000000001,97.02000000000001,98.33,09
3PDIA,predicted,427,31.75,31.45,0.25,26.24,0.37,91.97,19.99,18.343253988768208,336.4749668964607,30.69,38.51,54.7,09
3SGHA,original,484,31.75,29.08,0.25,3.145,0.9,98.94,45.7,6.689951233303441,44.75544750397823,92.82,95.65,98.325,09
3QUFA,original,385,31.75,30.21,0.25,2.82,0.87,98.91,52.19,3.585264898335096,12.854124391233768,95.53,97.81,98.535,09
3RPWA,predicted,333,31.75,29.04,0.25,5.88,0.79,94.14,54.87,7.74841627475028,60.03795476681501,78.475,84.67,88.985,09
3TY4A,original,356,31.75,18.2,0.25,3.0225,0.88,98.92,77.47,3.82867442198493,14.658747829561637,94.9,97.525,98.455,09
3SNXA,original,455,31.75,30.13,0.25,2.61,0.93,98.97,50.52,4.373674538240363,19.12902896645205,96.7,97.98,98.56,09
3TX8A,predicted,360,31.75,30.72,0.25,9.114999999999998,0.67,88.23,48.78,8.374976588981355,70.14023286598577,68.58,75.095,80.205,09
3TFJA,predicted,369,31.75,29.39,0.25,8.16,0.73,97.04,37.24,11.991335283712758,143.79212188641452,72.245,78.97,86.14,09
3SCYA,predicted,356,31.75,30.69,0.25,5.772499999999999,0.82,94.86,38.44,10.193468951447494,103.90680926412406,80.6725,85.075,88.72,09
3STPA,predicted,390,31.75,28.99,0.25,7.16,0.76,94.36,38.15,12.199744662813584,148.83376983784854,72.4025,80.44999999999999,87.26,09
3PDXA,original,379,31.75,27.59,0.25,2.48,0.88,98.96,66.2,2.352619601419918,5.534818988985215,97.84,98.46,98.7,09
3PDXA,predicted,379,31.75,31.21,0.25,25.18,0.41,86.59,17.73,17.867463958268885,319.2462683000377,35.42,48.4,63.76,09
3T7VA,original,337,31.75,22.19,0.25,2.48,0.93,98.92,59.37,6.95226074490657,48.33392946516886,95.945,97.97,98.58,09
3SCYA,original,356,31.75,31.0,0.25,2.2875,0.9,98.97,39.72,6.454242244433798,41.65724294983384,97.965,98.62,98.83,09
3SNXA,predicted,455,31.75,31.19,0.25,26.23,0.33,77.33,18.48,16.898339678478433,285.55388388923853,25.06,31.16,52.37,09
3VAXA,original,358,31.75,28.44,0.25,2.8525,0.9,98.88,55.26,7.73077030152592,59.76480945495517,93.97749999999999,96.80000000000001,98.225,09
3T7VA,predicted,337,31.75,30.39,0.25,6.68,0.77,90.13,31.33,15.446110769755098,238.58233791154444,61.69,77.84,84.08,09
3T3PB,original,466,31.75,30.33,0.25,5.06,0.85,98.59,54.58,5.698686280798829,32.47502532696479,91.335,94.375,96.88,09
3QLIA,original,440,31.75,24.8,0.25,2.76,0.89,98.91,77.94,2.9058742491181064,8.444105151687719,96.7925,98.13,98.55,09
3SGHA,predicted,484,31.75,31.33,0.25,27.775,0.23,51.8,19.53,6.221253770343229,38.70399847500984,25.91,30.095,34.8525,09
3T6SA,predicted,342,31.75,29.88,0.25,8.36,0.75,96.36,37.64,14.96462951334505,223.94013647167773,63.5375,75.225,86.465,09
3TFJA,original,369,31.75,27.58,0.25,2.53,0.92,98.93,56.53,3.3272116345973224,11.070337261399786,97.685,98.39,98.7,09
3UFBA,original,484,31.75,31.07,0.25,4.3125,0.87,98.84,36.65,10.094132944764283,101.89151990657564,89.55749999999999,94.795,97.3275,09
3UFBA,predicted,484,31.75,31.0,0.25,9.9175,0.73,94.17,36.2,11.539991253454298,133.1713981298017,66.6825,75.97999999999999,84.695,09
3RKOC,original,504,31.75,30.36,0.25,2.995,0.91,98.65,44.48,7.73054306849854,59.761296133910825,94.1925,96.685,97.92,09
3RKOC,predicted,504,31.75,31.34,0.25,27.4775,0.29,57.33,19.57,6.864110578196612,47.11601402971063,28.1075,33.465,38.5375,09
3UCPA,original,800,31.75,30.49,0.25,7.8025,0.8,98.28,39.19,11.499168157261636,132.23086830897998,83.6775,89.475,93.61,09
3UCPA,predicted,800,31.75,30.99,0.25,27.735,0.24,54.22,18.97,4.958301118071778,24.58474997747184,25.3125,27.475,30.517500000000002,09
